40 35 25
1181111111111111111111111
1000100000000030810000111
1000100000000030010001011
1000110010011113210011201
1000010000000000200010001
1000000000000000000000001
1000000011111111100000001
1000000010000000000000001
1000001123300000008800001
1000001000000000000000001
1000001000000000100000001
1000000000000000000000001
1000033300000000000000001
1080000000000000000000001
1000000000000000000000001
1000000000000000000000001
1000100000000000000000001
1000000000000000000033001
1000000000000000000011111
1000000000000000000000001
1000000000000000000000001
1111000000000000000000001
1111111000000010000003001
1111101100000000000008001
1001100000000000010000001
1000100200000000010000001
1222011111111000002100001
1001200002000330010000001
1010000100000000100000121
1000000010020000100000101
1002100301121010000010011
1201000020001000101110111
1003000020001001001002001
1200500020001000120003001
1111111111111111111111111
LLULUUUUUUDDDRRRURRURRDRRRRRRRUUUUUUUUUUUUUULULLLLLLLLLLLLLLUD